"","verbatimScientificName","common_names","fr_common_names"
"1","Zenaida macroura","mourning dove","Tourterelle triste"
"2","Junco hyemalis","dark-eyed junco","Junco ardoisé"
"3","Haemorhous purpureus","purple finch","Roselin pourpré"
"4","Poecile atricapillus","Black-capped chickadee","Mésange à tête noire"
"5","Columba livia","rock pigeon","Pigeon biset"
"6","Cyanocitta cristata","blue jay","Geai bleu"
"7","Ardea alba","great egret","Grande Aigrette"
"8","Accipiter striatus","Sharp-shinned hawk","Épervier brun"
"9","Accipiter cooperii","Cooper's hawk","Épervier de Cooper"
"10","Cardinalis cardinalis","northern cardinal","Cardinal rouge"
"11","Empidonax alnorum","alder flycatcher","Moucherolle des aulnes"
"12","Corvus brachyrhynchos","American crow","Corneille d'Amérique"
"13","Agelaius phoeniceus","red-winged blackbird","Carouge à épaulettes"
"14","Anas platyrhynchos","mallard","Canard colvert"
"15","Mareca strepera","gadwall","Canard chipeau"
"16","Sterna hirundo","Common tern","Sterne pierregarin"
"17","Branta canadensis","Canada goose","Bernache du Canada"
"18","Phalacrocorax auritus","double-crested cormorant","Cormoran à aigrettes"
"19","Haemorhous mexicanus","house finch","Roselin familier"
"20","Melospiza melodia","song sparrow","Bruant chanteur"
"21","Setophaga magnolia","Magnolia warbler","Paruline à tête cendrée"
"22","Zonotrichia albicollis","white-throated sparrow","Bruant à gorge blanche"
"23","Passer domesticus","House sparrow","Moineau domestique"
"24","Spinus tristis","American goldfinch","Chardonneret jaune"
"25","Spatula clypeata","Northern shoveler","Canard souchet"
"26","Setophaga coronata","yellow-rumped warbler","Setophaga coronata"
"27","Petrochelidon pyrrhonota","cliff swallow","Hirondelle à front blanc"
"28","Dryobates pubescens","Downy woodpecker","Pic mineur"
"29","Buteo jamaicensis","red-tailed hawk","Buse à queue rousse"
"30","Spizelloides arborea","American tree sparrow","Bruant hudsonien"
"31","Euphagus carolinus","Rusty blackbird","Quiscale rouilleux"
"32","Vireo gilvus","warbling vireo","Viréo mélodieux"
"33","Tachycineta bicolor","Tree swallow","Hirondelle bicolore"
"34","Dumetella carolinensis","grey catbird","Moqueur chat"
"35","Geothlypis trichas","common yellowthroat","Paruline masquée"
"36","Parkesia noveboracensis","northern waterthrush","Paruline des ruisseaux"
"37","Bucephala clangula","common goldeneye","Garrot à œil d'or"
"38","Mniotilta varia","black-and-white warbler","Paruline noir et blanc"
"39","Buteo lineatus","red-shouldered hawk","Buse à épaulettes"
"40","Setophaga castanea","bay-breasted warbler","Paruline à poitrine baie"
"41","Chlidonias niger","black tern","Guifette noire"
"42","Turdus migratorius","American robin","Merle d'Amérique"
"43","Sayornis phoebe","Eastern phoebe","Moucherolle phébi"
"44","Bubo scandiacus","Snowy owl","Harfang des neiges"
"45","Mergus merganser","common merganser","Harle bièvre"
"46","Charadrius vociferus","killdeer","Pluvier kildir"
"47","Sturnus vulgaris","Common starling","Étourneau sansonnet"
"48","Setophaga petechia","yellow warbler","Paruline jaune"
"49","Anas crecca","Common teal","Sarcelle d'hiver"
"50","Aythya marila","greater scaup","Fuligule milouinan"
"51","Setophaga caerulescens","black-throated blue warbler","Paruline bleue"
"52","Quiscalus quiscula","common grackle","Quiscale bronzé"
"53","Spizella passerina","chipping sparrow","Bruant familier"
"54","Ardea herodias","great blue heron","Grand Héron"
"55","Corvus corax","Common raven","Grand Corbeau"
"56","Cathartes aura","turkey vulture","Urubu à tête rouge"
"57","Sitta canadensis","Red-breasted nuthatch","Sittelle à poitrine rousse"
"58","Vireo olivaceus","red-eyed vireo","Viréo aux yeux rouges"
"59","Icterus galbula","Baltimore oriole","Oriole de Baltimore"
"60","Bombycilla cedrorum","cedar waxwing","Jaseur d'Amérique"
"61","Buteo platypterus","broad-winged hawk","Petite Buse"
"62","Leiothlypis celata","orange-crowned warbler","Paruline verdâtre"
"63","Troglodytes aedon","House wren","Troglodyte familier"
"64","Dryobates villosus","Hairy woodpecker","Dryobates villosus"
"65","Sphyrapicus varius","yellow-bellied sapsucker","Pic maculé"
"66","Spatula discors","blue-winged teal","Sarcelle à ailes bleues"
"67","Tyrannus tyrannus","eastern kingbird","Tyran tritri"
"68","Catharus ustulatus","Swainson's thrush","Grive à dos olive"
"69","Baeolophus bicolor","tufted titmouse","Mésange bicolore"
"70","Catharus guttatus","hermit thrush","Grive solitaire"
"71","Chaetura pelagica","chimney swift","Martinet ramoneur"
"72","Myiarchus crinitus","great crested flycatcher","Tyran huppé"
"73","Anas rubripes","American black duck","Canard noir"
"74","Regulus satrapa","golden-crowned kinglet","Roitelet à couronne dorée"
"75","Passerella iliaca","fox sparrow","Bruant fauve"
"76","Aix sponsa","wood duck","Canard branchu"
"77","Passerculus sandwichensis","Savannah sparrow","Bruant des prés"
"78","Setophaga palmarum","palm warbler","Paruline à couronne rousse"
"79","Megascops asio","eastern screech-owl","Petit-duc maculé"
"80","Bucephala albeola","bufflehead","Petit Garrot"
"81","Megaceryle alcyon","belted kingfisher","Martin-pêcheur d'Amérique"
"82","Mareca americana","American wigeon","Canard d'Amérique"
"83","Porzana carolina","sora","Marouette de Caroline"
"84","Aythya collaris","ring-necked duck","Fuligule à collier"
"85","Nycticorax nycticorax","black-crowned night-heron","Bihoreau gris"
"86","Cardellina canadensis","Canada warbler","Paruline du Canada"
"87","Tringa solitaria","solitary sandpiper","Chevalier solitaire"
"88","Butorides virescens","green heron","Héron vert"
"89","Gavia immer","great northern loon","Plongeon huard"
"90","Cardellina pusilla","Wilson's warbler","Paruline à calotte noire"
"91","Vicia cracca","bird vetch","Vicia cracca"
"92","Dissosteira carolina","Carolina grasshopper","Dissosteira carolina"
"93","Pyrrharctia isabella","woolly bear","Pyrrharctia isabella"
"94","Ulmus americana","American elm","Orme d'Amérique"
"95","Semotilus atromaculatus","creek chub","Mulet à cornes"
"96","Trifolium repens","white clover","Trèfle blanc"
"97","Danaus plexippus","monarch butterfly","Monarque (papillon)"
"98","Acer saccharum","sugar maple","Érable à sucre"
"99","Colias philodice","clouded sulphur butterfly","Coliade du trèfle"
"100","Sorbus aucuparia","rowan","Sorbus aucuparia"
"101","Acer negundo","box elder","Acer negundo"
"102","Solanum lycopersicum","tomato","Tomate"
"103","Polyommatus icarus","common blue","Argus bleu"
"104","Malacosoma disstria","forest tent caterpillar","Livrée des forêts"
"105","Nymphalis antiopa","mourning cloak","Morio"
"106","Pheucticus ludovicianus","rose-breasted grosbeak","Cardinal à poitrine rose"
"107","Odocoileus virginianus","white-tailed deer","Cerf de Virginie"
"108","Papilio polyxenes","black swallowtail","Papillon du céleri"
"109","Fagus grandifolia","American beech","Hêtre à grandes feuilles"
"110","Verbascum thapsus","common mullein","Molène thapsus"
"111","Acer pensylvanicum","striped maple","Érable de Pennsylvanie"
"112","Pinus strobus","Eastern white pine","Pinus strobus"
"113","Mantis religiosa","praying mantis","Mante religieuse"
"114","Chrysemys picta","Painted turtle","Tortue peinte"
"115","Sciurus carolinensis","gray squirrel","Écureuil gris"
"116","Marmota monax","woodchuck","Marmota monax"
"117","Catharus fuscescens","veery","Grive fauve"
"118","Fomitopsis betulina","razor strop fungus","Fomitopsis betulina"
"119","Polistes dominula","European paper wasp","Polistes dominula"
"120","Araneus diadematus","European garden spider","Épeire diadème"
"121","Procyon lotor","raccoon","Raton laveur"
"122","Perca flavescens","yellow perch","Perchaude"
"123","Epicauta pensylvanica","black blister beetle","Epicauta pensylvanica"
"124","Saponaria officinalis","common soapwort","Saponaire officinale"
"125","Lithobates pipiens","northern leopard frog","Grenouille léopard"
"126","Thryothorus ludovicianus","Carolina wren","Troglodyte de Caroline"
"127","Bombus impatiens","common eastern bumble bee","Bourdon fébrile"
"128","Columba livia domestica","rock pigeon","Pigeon domestique"
"129","Sanguinaria canadensis","red puccoon","Sanguinaire du Canada"
"130","Anas acuta","northern pintail","Canard pilet"
"131","Sus scrofa domesticus","domestic pig","Porc"
"132","Tamias striatus","eastern chipmunk","Tamias striatus"
"133","Betula papyrifera","paper birch","Betula papyrifera"
"134","Scutigera coleoptrata","house centipede","Scutigère véloce"
"135","Succinea putris","European ambersnail","Succinea putris"
"136","Chauliognathus pensylvanicus","goldenrod soldier beetle","Chauliognathus pensylvanicus"
"137","Lymantria dispar","gypsy moth","Bombyx disparate"
"138","Blarina brevicauda","short-tailed shrew","Blarina brevicauda"
"139","Aythya affinis","lesser scaup","Petit Fuligule"
"140","Sylvilagus floridanus","eastern cottontail","Lapin à queue blanche"
"141","Catocala relicta","white underwing","Catocala relicta"
"142","Arabidopsis thaliana","thale cress","Arabidopsis thaliana"
"143","Tamiasciurus hudsonicus","American red squirrel","Écureuil roux (Amérique du Nord)"
"144","Alaus oculatus","big-eyed click beetle","Alaus oculatus"
"145","Vitis riparia","riverbank grape","Vigne des rivages"
"146","Phalangium opilio","common harvesterman","Phalangium opilio"
"147","Aesculus hippocastanum","common horse chestnut","Aesculus hippocastanum"
"148","Aphis nerii","oleander aphid","Aphis nerii"
"149","Matteuccia struthiopteris","ostrich fern","Matteuccia struthiopteris"
"150","Hypena scabra","green cloverworm","Hypena scabra"
"151","Spilosoma virginica","Virginian tiger moth","Spilosoma virginica"
"152","Popillia japonica","Japanese beetle","Scarabée japonais"
"153","Hyla versicolor","chameleon treefrog","Dryophytes versicolor"
"154","Arctium lappa","great burdock","Grande bardane"
"155","Acer platanoides","Norway maple","Érable plane"
"156","Daucus carota","carrot","Daucus carota"
"157","Ranunculus acris","tall buttercup","Renoncule âcre"
"158","Xestia c-nigrum","spotted cutworm","Xestia c-nigrum"
"159","Pinicola enucleator","pine grosbeak","Durbec des sapins"
"160","Leptinotarsa decemlineata","Colorado potato beetle","Doryphore"
"161","Xanthogaleruca luteola","elm leaf beetle","Xanthogaleruca luteola"
"162","Lithobates sylvaticus","wood frog","Grenouille des bois"
"163","Silene vulgaris","bladder campion","Silène enflé"
"164","Lithobates catesbeianus","American bullfrog","Ouaouaron"
"165","Phragmites australis","common reed","Roseau commun"
"166","Apis mellifera","honey bee","Apis mellifera"
"167","Anaxyrus americanus","American toad","Anaxyrus americanus"
"168","Halyomorpha halys","brown marmorated stink bug","Halyomorpha halys"
"169","Scilla siberica","Siberian squill","Scille de Sibérie"
"170","Luxilus cornutus","common shiner","Luxilus cornutus"
"171","Euphorbia cyparissias","cypress spurge","Euphorbe petit-cyprès"
"172","Acer spicatum","mountain maple","Érable à épis"
"173","Populus tremuloides","quaking aspen","Peuplier faux-tremble"
"174","Tilia americana","American linden","Tilleul d'Amérique"
"175","Aplodinotus grunniens","freshwater drum","Aplodinotus grunniens"
"176","Castor canadensis","American beaver","Castor du Canada"
"177","Coenonympha tullia","common ringlet","Fadet des tourbières"
"178","Sympetrum vicinum","autumn meadowhawk","Sympetrum vicinum"
"179","Condylura cristata","star-nosed mole","Condylura cristata"
"180","Esox lucius","northern pike","Grand brochet"
"181","Coccinella septempunctata","seven-spotted ladybird","Coccinella septempunctata"
"182","Acalymma vittatum","striped cucumber beetle","Chrysomèle rayée du concombre"
"183","Daktulosphaira vitifoliae","grape phylloxera","Phylloxéra"
"184","Etheostoma olmstedi","tessallated darter","Etheostoma olmstedi"
"185","Acipenser fulvescens","lake sturgeon","Esturgeon jaune"
"186","Otiorhynchus sulcatus","black vine weevil","Otiorhynque de la vigne"
"187","Sphecodina abbottii","Abbott's sphinx","Sphecodina abbottii"
"188","Mephitis mephitis","striped skunk","Mouffette rayée"
"189","Umbra limi","central mudminnow","Umbre de vase"
"190","Notophthalmus viridescens","eastern newt","Notophthalmus viridescens"
"191","Vulpes vulpes","red fox","Renard roux"
"192","Lithobates clamitans","bronze frog","Lithobates clamitans"
"193","Calystegia sepium","hedge bindweed","Liseron des haies"
"194","Eristalis tenax","drone fly","Éristale gluante"
"195","Notropis atherinoides","emerald shiner","Notropis atherinoides"
"196","Setophaga fusca","Blackburnian warbler","Paruline à gorge orangée"
"197","Falco peregrinus","peregrine falcon","Faucon pèlerin"
"198","Hirundo rustica","Barn swallow","Hirondelle rustique"
"199","Passerina cyanea","indigo bunting","Passerin indigo"
"200","Meleagris gallopavo","turkey","Dindon sauvage"
"201","Acanthis flammea","common redpoll","Sizerin flammé"
"202","Setophaga virens","black-throated green warbler","Paruline à gorge noire"
"203","Setophaga pensylvanica","Chestnut-sided warbler","Paruline à flancs marron"
"204","Anser caerulescens","Snow goose","Oie des neiges"
"205","Setophaga striata","blackpoll warbler","Paruline rayée"
"206","Polistes fuscatus","common paper wasp","Polistes fuscatus"
"207","Lucidota atra","black firefly","Lucidota atra"
"208","Moxostoma anisurum","silver redhorse","Chevalier blanc (poisson)"
"209","Ipomoea purpurea","common morning-glory","Ipomoea purpurea"
"210","Juglans nigra","black walnut","Noyer noir"
"211","Hippodamia convergens","convergent lady beetle","Hippodamia convergens"
"212","Equisetum arvense","field horsetail","Prêle des champs"
"213","Hypoprepia fucosa","painted lichen moth","Hypoprepia fucosa"
"214","Urtica dioica","great nettle","Grande ortie"
"215","Vicia villosa","hairy vetch","Vicia villosa"
"216","Ilex verticillata","winterberry","Ilex verticillata"
"217","Thymelicus lineola","Essex skipper","Hespérie du dactyle"
"218","Dolichovespula maculata","bald-faced hornet","Dolichovespula maculata"
"219","Vanessa atalanta","red admiral","Vulcain (papillon)"
"220","Microtus pennsylvanicus","meadow vole","Microtus pennsylvanicus"
"221","Orgyia leucostigma","white-marked tussock moth","Orgyia leucostigma"
"222","Lepomis gibbosus","pumpkinseed sunfish","Lepomis gibbosus"
"223","Anguilla rostrata","American eel","Anguille d'Amérique"
"224","Cepaea nemoralis","banded wood snail","Escargot des bois"
"225","Melanerpes erythrocephalus","red-headed woodpecker","Pic à tête rouge"
"226","Chrysemys picta marginata","midland painted turtle","Tortue peinte"
"227","Aythya valisineria","canvasback","Fuligule à dos blanc"
"228","Pieris rapae","cabbage white","Piéride de la rave"
"229","Hyphantria cunea","fall webworm moth","Hyphantria cunea"
"230","Malacosoma americana","eastern tent caterpillar","Malacosoma americana"
"231","Amanita muscaria","fly agaric","Amanite tue-mouches"
"232","Tetraopes tetrophthalmus","red milkweed beetle","Tetraopes tetrophthalmus"
"233","Euchaetes egle","milkweed tussock moth","Arctiide de l'asclépiade"
"234","Melanoplus bivittatus","two-striped grasshopper","Melanoplus bivittatus"
"235","Sander vitreus","walleye","Doré jaune"
"236","Speyeria cybele","great spangled fritillary","Argynne cybèle"
"237","Lumbricus terrestris","common earthworm","Lumbricus terrestris"
"238","Quercus rubra","northern red oak","Chêne rouge d'Amérique"
"239","Neovison vison","American mink","Vison d'Amérique"
"240","Vireo solitarius","solitary vireo","Viréo à tête bleue"
"241","Barbarea vulgaris","winter cress","Barbarea vulgaris"
"242","Plethodon cinereus","red-backed salamander","Plethodon cinereus"
"243","Gleditsia triacanthos","honey locust","Févier d'Amérique"
"244","Carassius auratus","goldfish","Poisson rouge"
"245","Prunella vulgaris","self-heal","Brunelle commune"
"246","Trichodezia albovittata","white-striped black","Trichodezia albovittata"
"247","Aegopodium podagraria","goutweed","Égopode podagraire"
"248","Linaria vulgaris","common toadflax","Linaire commune"
"249","Cichorium intybus","chicory","Cichorium intybus"
"250","Carpinus caroliniana","American hornbeam","Charme de Caroline"
"251","Lambdina fiscellaria","hemlock looper","Lambdina fiscellaria"
"252","Hemaris diffinis","snowberry clearwing","Hemaris diffinis"
"253","Hyles gallii","bedstraw hawk-moth","Sphinx de la garance"
"254","Eurosta solidaginis","goldenrod gall fly","Eurosta solidaginis"
"255","Ctenucha virginica","Virginia ctenucha","Cténuche de Virginie"
"256","Acer rubrum","red maple","Érable rouge"
"257","Botaurus lentiginosus","american bittern","Butor d'Amérique"
"258","Sialia sialis","eastern bluebird","Merlebleu de l'Est"
"259","Seiurus aurocapilla","ovenbird","Paruline couronnée"
"260","Circus hudsonius","American harrier","Busard des marais"
"261","Spizella pallida","clay-colored sparrow","Bruant des plaines"
"262","Anser albifrons","White-fronted goose","Oie rieuse"
"263","Strix varia","Northern barred owl","Chouette rayée"
"264","Gavia stellata","red-throated loon","Plongeon catmarin"
"265","Piranga olivacea","scarlet tanager","Piranga écarlate"
"266","Bonasa umbellus","ruffed grouse","Gélinotte huppée"
"267","Troglodytes hiemalis","Eastern winter wren","Troglodyte des forêts"
"268","Asio flammeus","short-eared owl","Hibou des marais"
"269","Bubo virginianus","great horned owl","Grand-duc d'Amérique"
"270","Anthus rubescens","American pipit","Pipit d'Amérique"
"271","Haliaeetus leucocephalus","bald eagle","Pygargue à tête blanche"
"272","Calidris pusilla","semipalmated sandpiper","Bécasseau semipalmé"
"273","Setophaga pinus","pine warbler","Paruline des pins"
"274","Bucephala islandica","Barrow's goldeneye","Garrot d'Islande"
"275","Asio otus","long-eared owl","Hibou moyen-duc"
"276","Dolichonyx oryzivorus","bobolink","Goglu des prés"
"277","Buteo lagopus","rough-legged hawk","Buse pattue"
"278","Vireo philadelphicus","Philadelphia vireo","Viréo de Philadelphie"
"279","Aegolius acadicus","northern saw-whet owl","Petite Nyctale"
"280","Tringa flavipes","Lesser yellowlegs","Petit Chevalier"
"281","TRICHOPTERA","caddisflies","TRICHOPTERA"
"282","Chelydra serpentina","Common snapping turtle","Tortue serpentine"
"283","Pseudacris crucifer","spring peeper","Pseudacris crucifer"
"284","Sagittaria latifolia","wapato","Sagittaria latifolia"
"285","Solanum nigrum","black nightshade","Morelle noire"
"286","Sorex palustris","American water shrew","Musaraigne palustre"
"287","Ennomos magnaria","maple spanworm","Ennomos magnaria"
"288","Diabrotica barberi","northern corn rootworm","Diabrotica barberi"
"289","Ixodes scapularis","black-legged tick","Ixodes scapularis"
"290","Forficula auricularia","European earwig","Forficula auricularia"
"291","Boisea trivittata","boxelder bug","Boisea trivittata"
"292","Halysidota tessellaris","banded tussock moth","Halysidota tessellaris"
"293","Oenothera biennis","German evening primrose","Onagre bisannuelle"
"294","Labidesthes sicculus","brook silverside","Labidesthes sicculus"
"295","Ixobrychus exilis","least bittern","Petit Blongios"
"296","Percina caprodes","logperch","Percina caprodes"
"297","Calidris minutilla","least sandpiper","Bécasseau minuscule"
"298","Calidris melanotos","pectoral sandpiper","Bécasseau à poitrine cendrée"
"299","Mimus polyglottos","Northern mockingbird","Moqueur polyglotte"
"300","Calcarius lapponicus","Lapland longspur","Plectrophane lapon"
"301","Vireo griseus","white-eyed vireo","Viréo aux yeux blancs"
"302","Clangula hyemalis","long-tailed duck","Harelde kakawi"
"303","Chordeiles minor","Common nighthawk","Engoulevent d'Amérique"
"304","Empidonax traillii","willow flycatcher","Moucherolle des saules"
"305","Stelgidopteryx serripennis","northern rough-winged swallow","Hirondelle à ailes hérissées"
"306","Fulica americana","American coot","Foulque d'Amérique"
"307","Antigone canadensis","Sandhill crane","Grue du Canada"
"308","Micropterus dolomieu","smallmouth bass","Micropterus dolomieu"
"309","Picea abies","Norway spruce","Épicéa commun"
"310","Helianthus annuus","common sunflower","Tournesol"
"311","Ctenolepisma longicaudata","long-tailed silverfish","Ctenolepisma longicaudata"
"312","Fragaria vesca","wild strawberry","Fraisier des bois"
"313","Antheraea polyphemus","polyphemus moth","Polyphème d'Amérique"
"314","Noctua pronuba","large yellow underwing","Noctua pronuba"
"315","Ctenolepisma lineata","four-lined silverfish","Ctenolepisma lineata"
"316","Esox masquinongy","muskellunge","Maskinongé (poisson)"
"317","Cypripedium acaule","pink lady's slipper","Cypripède acaule"
"318","Geothlypis philadelphia","mourning warbler","Paruline triste"
"319","Canis latrans","coyote","Coyote"
"320","Ondatra zibethicus","muskrat","Rat musqué"
"321","Melanitta americana","American black scoter","Macreuse à bec jaune"
"322","Adalia bipunctata","two-spotted ladybird beetle","Coccinelle à deux points"
"323","Hyalophora cecropia","cecropia moth","Hyalophora cecropia"
"324","Graptemys geographica","map turtle","Tortue géographique"
"325","Picea pungens","Colorado spruce","Épicéa bleu"
"326","Semotilus corporalis","fallfish","Ouitouche"
"327","Carthamus tinctorius","safflower","Carthame des teinturiers"
"328","Hiodon tergisus","mooneye","Hiodon tergisus"
"329","Lepomis macrochirus","bluegill","Crapet arlequin"
"330","Paonias excaecata","blinded sphinx","Paonias excaecatus"
"331","Ambystoma laterale","blue-spotted salamander","Salamandre à points bleus"
"332","Picea glauca","white spruce","Épinette blanche"
"333","Catostomus commersonii","white sucker","Catostomus commersonii"
"334","Aglais io","European peacock","Paon-du-jour"
"335","Ameiurus nebulosus","brown bullhead","Barbotte brune"
"336","Acronicta impressa","willow dagger moth","Acronicta impressa"
"337","Aleuria aurantia","orange peel mushroom","Aleuria aurantia"
"338","Melanitta perspicillata","surf scoter","Macreuse à front blanc"
"339","Branta hutchinsii","cackling goose","Bernache de Hutchins"
"340","Nymphalis l-album","Compton tortoiseshell","Vanesse du peuplier"
"341","Phleum pratense","timothy grass","Fléole des prés"
"342","Cucumis sativus","cucumber","Concombre"
"343","Syringa vulgaris","common lilac","Syringa vulgaris"
"344","Miscanthus sinensis","eulalia","Miscanthus sinensis"
"345","Moxostoma macrolepidotum","shorthead redhorse","Moxostoma macrolepidotum"
"346","Asterocampa celtis","hackberry emperor","Papillon du micocoulier"
"347","Larix laricina","tamarack","Mélèze laricin"
"348","Anax junius","common green darner","Anax de juin"
"349","Macaria pustularia","lesser maple spanworm","Macaria pustularia"
"350","Anthidium manicatum","wool carder bee","Anthidium manicatum"
"351","Cymbopogon citratus","lemon grass","Cymbopogon citratus"
"352","Plagiodera versicolora","willow leaf beetle","Plagiodera versicolora"
"353","Amphicarpaea bracteata","hog peanut","Amphicarpaea bracteata"
"354","Ostrya virginiana","American hop-hornbeam","Ostryer de Virginie"
"355","Ginkgo biloba","maidenhair tree","Ginkgo biloba"
"356","Ipomoea batatas","sweet potato","Patate douce"
"357","Psyllobora vigintimaculata","twenty-spotted lady beetle","Psyllobora vigintimaculata"
"358","Lygus lineolaris","tarnished plant bug","Lygus lineolaris"
"359","Banasa dimidiata","red-backed stink bug","Banasa dimidiata"
"360","Plantago major","common plantain","Grand plantain"
"361","Hemaris thysbe","clearwing hummingbird moth","Hemaris thysbe"
"362","Elaeagnus angustifolia","Russian olive","Elaeagnus angustifolia"
"363","Schinia florida","primrose moth","Schinia florida"
"364","Fraxinus americana","white ash","Frêne blanc"
"365","Anethum graveolens","dill","Aneth"
"366","Pastinaca sativa","parsnip","Panais"
"367","Pinus sylvestris","Scots pine","Pin sylvestre"
"368","Tremex columba","pigeon tremex","Tremex columba"
"369","Fundulus diaphanus","banded killifish","Fondule barré"
"370","Ambrosia artemisiifolia","common ragweed","Ambrosia artemisiifolia"
"371","Ajuga reptans","bugle","Bugle rampante"
"372","Enallagma civile","civil bluet","Enallagma civile"
"373","Dactylis glomerata","orchard grass","Dactyle pelotonné"
"374","Phyllodesma americana","lappet moth","Phyllodesma americana"
"375","Pimephales notatus","bluntnose minnow","Ventre-pourri"
"376","Dendrocygna autumnalis","black-bellied whistling-duck","Dendrocygne à ventre noir"
"377","Cucullia convexipennis","brown-hooded owlet","Cucullia convexipennis"
"378","Lucilia sericata","common green bottle fly","Lucilia sericata"
"379","Polygonia progne","gray comma","Polygone gris"
"380","Megachile rotundata","alfalfa leafcutting bee","Megachile rotundata"
"381","Ceratomia undulosa","waved sphinx","Ceratomia undulosa"
"382","Agrilus planipennis","emerald ash borer","Agrile du frêne"
"383","Elliptio complanata","eastern elliptio","Elliptio complanata"
"384","Culaea inconstans","brook stickleback","Culaea inconstans"
"385","Mus musculus","house mouse","Mus musculus"
"386","Notropis volucellus","mimic shiner","Notropis volucellus"
"387","Tsuga canadensis","Canada hemlock","Pruche du Canada"
"388","Cleonis pigra","sluggish weevil","Cleonis pigra"
"389","Armadillidium vulgare","common pillbug","Cloporte commun"
"390","Streptopelia roseogrisea","African collared-dove","Tourterelle rieuse"
"391","Pholcus phalangioides","longbodied cellar spider","Pholcus phalangioides"
"392","Capsella bursa-pastoris","shepherd's purse","Capsella bursa-pastoris"
"393","Cygnus olor","mute swan","Cygne tuberculé"
"394","Abutilon theophrasti","China jute","Abutilon theophrasti"
"395","Sphinx chersis","great ash sphinx","Sphinx chersis"
"396","Cyprinus carpio","common carp","Carpe commune"
"397","Necrophila americana","American carrion beetle","Necrophila americana"
"398","Humulus lupulus","European hop","Houblon"
"399","Nepeta cataria","catnip","Cataire"
"400","Setophaga coronata coronata","myrtle warbler","Setophaga coronata coronata"
"401","Euschistus servus","brown stink bug","Euschistus servus"
"402","Sorex cinereus","cinereus shrew","Sorex cinereus"
"403","Chrysopa oculata","golden-eye lacewing","Chrysopa oculata"
"404","Rheum rhabarbarum","garden rhubarb","Rheum rhabarbarum"
"405","Panicum capillare","witchgrass","Panicum capillare"
"406","Gymnocladus dioicus","Kentucky coffee tree","Gymnocladus dioica"
"407","Lepisosteus osseus","longnose gar","Lépisosté osseux"
"408","Populus alba","white poplar","Populus alba"
"409","Limenitis archippus","viceroy","Vice-roi (papillon)"
"410","Crataegus crus-galli","cockspur hawthorn","Aubépine ergot de Coq"
"411","Falco rusticolus","gyrfalcon","Faucon gerfaut"
"412","Neogobius melanostomus","round goby","Gobie à taches noires"
"413","Deidamia inscriptum","lettered sphinx","Deidamia inscriptum"
"414","Melanoplus femurrubrum","red-legged grasshopper","Melanoplus femurrubrum"
"415","Allagrapha aerea","unspotted looper","Allagrapha aerea"
"416","Phytolacca americana","American pokeweed","Phytolacca americana"
"417","Choristoneura rosaceana","oblique banded leafroller","Tordeuse à bandes obliques"
"418","Pomoxis nigromaculatus","black crappie","Pomoxis nigromaculatus"
"419","Crioceris duodecimpunctata","spotted asparagus beetle","Crioceris duodecimpunctata"
"420","Vespula maculifrons","eastern yellowjacket","Vespula maculifrons"
"421","Notropis hudsonius","spottail shiner","Notropis hudsonius"
"422","Quercus alba","white oak","Quercus alba"
"423","Alopochen aegyptiaca","Egyptian goose","Ouette d'Égypte"
"424","Arctia caja","garden tiger moth","Écaille martre"
"425","Sporobolus michauxianus","prairie cordgrass","Sporobolus michauxianus"
"426","Dermestes lardarius","bacon beetle","Dermeste du lard"
"427","Lepyronia quadrangularis","diamond-backed spittlebug","Lepyronia quadrangularis"
"428","Tinca tinca","tench","Tanche"
"429","Libellula luctuosa","widow skimmer","Libellule mélancolique"
"430","Lampropeltis triangulum","milk snake","Lampropeltis triangulum"
"431","Corydalus cornutus","eastern dobsonfly","Corydalus cornutus"
"432","Eptesicus fuscus","big brown bat","Sérotine brune"
"433","Histrionicus histrionicus","harlequin duck","Arlequin plongeur"
"434","Aythya americana","redhead","Fuligule à tête rouge"
"435","Accipiter gentilis","Northern goshawk","Autour des palombes"
"436","Spizella pusilla","field sparrow","Bruant des champs"
"437","Eremophila alpestris","horned lark","Alouette hausse-col"
"438","Polygonatum biflorum","small Solomon's seal","Polygonatum biflorum"
"439","Lophocampa maculata","spotted tussock moth","Lophocampa maculata"
"440","Sitophilus oryzae","rice weevil","Charançon du riz"
"441","Prunus serotina","black cherry","Prunus serotina"
"442","Malus domestica","apple","Pommier domestique"
"443","Ictalurus punctatus","channel catfish","Barbue de rivière"
"444","Sterna paradisaea","arctic tern","Sterne arctique"
"445","Phalaropus lobatus","red-necked phalarope","Phalarope à bec étroit"
"446","Pelecanus erythrorhynchos","American white pelican","Pélican d'Amérique"
"447","Megaptera novaeangliae","humpback whale","Baleine à bosse"
"448","Sander canadensis","sauger","Doré noir"
"449","Morone americana","white perch","Morone americana"
"450","Syringa vulgaris","common lilac","Syringa vulgaris"
"451","Sorbus aucuparia","rowan","Sorbus aucuparia"
"452","Solanum lycopersicum","tomato","Tomate"
"453","Humulus lupulus","European hop","Houblon"
"454","Prunella vulgaris","self-heal","Brunelle commune"
"455","Helianthus annuus","common sunflower","Tournesol"
"456","Urtica dioica","great nettle","Grande ortie"
"457","Phytolacca americana","American pokeweed","Phytolacca americana"
"458","Quercus rubra","northern red oak","Chêne rouge d'Amérique"
"459","Cichorium intybus","chicory","Cichorium intybus"
"460","Papaver somniferum","opium poppy","Pavot somnifère"
"461","Populus tremuloides Michx.","quaking aspen","Populus tremuloides Michx."
"462","Antirrhinum majus","snapdragon","Muflier à grandes fleurs"
"463","Cypripedium acaule Aiton","pink lady's slipper","Cypripedium acaule Aiton"
"464","Fragaria vesca","wild strawberry","Fraisier des bois"
"465","Saponaria officinalis","common soapwort","Saponaire officinale"
"466","Nigella damascena","love-in-a-mist","Nigelle de Damas"
"467","Euphorbia cyparissias","cypress spurge","Euphorbe petit-cyprès"
"468","Sanguinaria canadensis","red puccoon","Sanguinaire du Canada"
"469","Prunus serotina Ehrh.","black cherry","Prunus serotina Ehrh."
"470","Lupinus polyphyllusndl.","large-leaved lupine","Lupinus polyphyllusndl."
"471","Fagus grandifolia Ehrh.","American beech","Fagus grandifolia Ehrh."
"472","Ajuga reptans","bugle","Bugle rampante"
"473","Acer rubrum","red maple","Érable rouge"
"474","Melissa officinalis","common balm","Mélisse officinale"
"475","Phleum pratense","timothy grass","Fléole des prés"
"476","Alcea rosea","hollyhock","Alcea rosea"
"477","Dactylis glomerata","orchard grass","Dactyle pelotonné"
"478","Prunus domestica","plum","Prunier"
"479","Pinus strobus","Eastern white pine","Pinus strobus"
"480","Amphipyra pyramidoides","copper underwing","Amphipyra pyramidoides"
"481","Caulophyllum thalictroides","blue cohosh","Caulophyllum thalictroides"
"482","Huperzia lucidula","shining club moss","Huperzia lucidula"
"483","Oxyura jamaicensis","ruddy duck","Érismature rousse"
"484","Parkesia motacilla","Lousiana waterthrush","Paruline hochequeue"
"485","Calidris alpina","dunlin","Bécasseau variable"
"486","Anser rossii","Ross' goose","Oie de Ross"
"487","Coccyzus erythropthalmus","black-billec cuckoo","Coulicou à bec noir"
"488","Egretta caerulea","Little blue heron","Aigrette bleue"
"489","Oncopeltus fasciatus","milkweed bug","Oncopeltus fasciatus"
"490","Glaucopsyche lygdamus","silvery blue","Bleu argenté"
"491","Cycnia tenera","delicate cyncia","Cycnia tenera"
"492","Brassica napus","rape","Brassica napus"
"493","Mentha spicata","spearmint","Mentha spicata"
"494","Equisetum telmateia","giant horsetail","Equisetum telmateia"
"495","Plantago lanceolata","narrow-leaved plantain","Plantago lanceolata"
"496","Tilia americana","American linden","Tilleul d'Amérique"
"497","Salvia officinalis","garden sage","Sauge officinale"
"498","Ambrosia trifida","giant ragweed","Grande herbe à poux"
"499","Fagopyrum esculentum Moench","common buckwheat","Fagopyrum esculentum Moench"
"500","Nepeta cataria","catnip","Cataire"
"501","Rumex obtusifolius","bitter dock","Patience à feuilles obtuses"
"502","Mentha piperita","peppermint","Menthe poivrée"
"503","Cucumis melo","muskmelon","Melon (plante)"
"504","Diadophis punctatus","Ringneck snake","Diadophis punctatus"
"505","Phalacrocorax carbo","great cormorant","Grand Cormoran"
"506","Notemigonus crysoleucas","golden shiner","Méné jaune"
"507","Plutella xylostella","diamondback moth","Plutella xylostella"
"508","Tropaeolum majus","nasturtium","Grande capucine"
"509","Felis catus","domestic cat","Chat"
"510","Protonotaria citrea","Prothonotary warbler","Paruline orangée"
"511","Limnodromus griseus","shortbilled dowitcher","Bécassin roux"
"512","Setophaga citrina","hooded warbler","Paruline à capuchon"
"513","Mareca penelope","Eurasian wigeon","Canard siffleur"
"514","Vermivora chrysoptera","Golden-winged warbler","Paruline à ailes dorées"
"515","Aquila chrysaetos","golden eagle","Aigle royal"
"516","Calidris fuscicollis","white-rumped sandpiper","Bécasseau à croupion blanc"
"517","Arenaria interpres","ruddy turnstone","Tournepierre à collier"
"518","Anser brachyrhynchus","Pink-footed goose","Oie à bec court"
"519","Leucophaeus atricilla","Laughing gull","Mouette atricille"
"520","Calidris canutus","red knot","Bécasseau maubèche"
"521","Setophaga discolor","prairie warbler","Paruline des prés"
"522","Setophaga dominica","yellow-throated warbler","Paruline à gorge jaune"
"523","Rissa tridactyla","black-legged kittiwake","Mouette tridactyle"
"524","Phalaropus tricolor","Wilson's phalarope","Phalarope de Wilson"
"525","Oporornis agilis","Connecticut warbler","Paruline à gorge grise"
"526","Alcea rosea","hollyhock","Alcea rosea"
"527","Helmitheros vermivorum","worm-eating warbler","Paruline vermivore"
"528","Iris germanica","flag","Iris d'Allemagne"
"529","Lepus americanus","snowshoe hare","Lièvre d'Amérique"
"530","Acheta domesticus","house cricket","Acheta domestica"
"531","Fagus sylvatica","European beech","Hêtre commun"
"532","Cyprinella spiloptera","spotfin shiner","Cyprinella spiloptera"
"533","Potamogeton crispus","curly-leaf pondweed","Potamot crépu"
"534","Sympetrum danae","black darter","Sympetrum danae"
"535","Pheosia rimosa","false hornworm","Pheosia rimosa"
"536","Aeshna umbrosa","shadow darner","Aeshna umbrosa"
"537","Synanthedon exitiosa","peach tree borer","Synanthedon exitiosa"
"538","Glischrochilus quadrisignatus","four-spotted sap beetle","Glischrochilus quadrisignatus"
"539","Amia calva","bowfin","Poisson-castor"
"540","Anasa tristis","squash bug","Anasa tristis"
"541","Panthea furcilla","tufted white pine caterpillar","Panthea furcilla"
"542","Calopteryx maculata","black-wing damselfly","Calopteryx maculata"
"543","Vespinae","hornets and yellowjackets","Vespinae"
"544","Luffa aegyptiaca","smooth loofah","Courge éponge"
"545","Silene noctiflora","night-flowering catchfly","Silene noctiflora"
"546","Micropterus salmoides","largemouth bass","Achigan à grande bouche"
"547","Vanessa virginiensis","American painted lady","Vanesse des perlières"
"548","Alkekengi officinarum","Japanese lantern","Alkekengi officinarum"
"549","Tetracis cachexiata","white slant-line","Tetracis cachexiata"
"550","Melanchra adjuncta","hitched arches","Melanchra adjuncta"
"551","Sorbus","mountain ashes","Sorbus"
"552","Ulmus americana","American elm","Orme d'Amérique"
"553","Arctium lappa","great burdock","Grande bardane"
"554","Arabis alpina","gray rockcress","Arabis alpina"
"555","Tragopogon porrifolius","salsify","Salsifis cultivé"
"556","Mentha spicata","spearmint","Mentha spicata"
"557","Sagittaria latifolia Willd.","wapato","Sagittaria latifolia Willd."
"558","Antirrhinum majus","snapdragon","Muflier à grandes fleurs"
"559","Marathyssa inficita","dark marathyssa","Marathyssa inficita"
"560","Pachysphinx modesta","big poplar sphinx","Pachysphinx modesta"
"561","Chortophaga viridifasciata","green-striped grasshopper","Chortophaga viridifasciata"
"562","Saperda vestita","linden borer","Saperda vestita"
"563","Euphorbia pulcherrima","poinsettia","Euphorbia pulcherrima"
"564","Mirabilis jalapa","garden four-o'clock","Mirabilis jalapa"
"565","Merhynchites bicolor","rose curculio","Merhynchites bicolor"
"566","Apis mellifera ligustica","common honey bee","Apis mellifera ligustica"
"567","Synanthedon scitula","dogwood borer","Synanthedon scitula"
"568","Apamea devastator","glassy cutworm","Apamea devastator"
"569","Photinus pyralis","common eastern firefly","Photinus pyralis"
"570","Dennstaedtia punctilobula","scented hay fern","Dennstaedtia punctilobula"
"571","Cimex lectularius","bed bug","Cimex lectularius"
"572","Pimephales promelas","fathead minnow","Pimephales promelas"
"573","Necturus maculosus","mudpuppy","Necture tacheté"
"574","Byturus unicolor","raspberry fruitworm","Byturus unicolor"
"575","Barbarea vulgaris ","winter cress","Barbarea vulgaris"
"576","Datura stramonium","jimsonweed","Datura stramonium"
"577","Bromus inermis","smooth brome grass","Bromus inermis"
"578","Origanum vulgare","oregano","Origan"
"579","Schinia arcigera","arcigera flower moth","Schinia arcigera"
"580","Betula pendula","European white birch","Bouleau verruqueux"
"581","Anticarsia gemmatalis","velvetbean caterpillar","Anticarsia gemmatalis"
"582","Oecanthus nigricornis","black-horned tree cricket","Oecanthus nigricornis"
"583","Cynodon dactylon","Bermuda grass","Chiendent pied-de-poule"
"584","Stomoxys calcitrans","stable fly","Mouche charbonneuse"
"585","Nedra ramosula","gray half-spot","Nedra ramosula"
"586","Lupinus polyphyllus","large-leaved lupine","Lupinus polyphyllus"
"587","Latrodectus hesperus","western black widow","Latrodectus hesperus"
"588","Epifagus virginiana","beechdrops","Epifagus virginiana"
"589","Linum usitatissimum","flax","Lin cultivé"
"590","Parnassia palustris","bog stars","Parnassie des marais"
"591","Morus bassanus","northern gannet","Fou de Bassan"
"592","Alca torda","razorbill","Petit Pingouin"
"593","Piranga rubra","summer tanager","Piranga vermillon"
"594","Rattus norvegicus","Norway rat","Rattus norvegicus"
"595","Taeniopygia guttata","zebra finch","Diamant mandarin"
"596","Blatta orientalis","oriental cockroach","Blatte orientale"
"597","Blattella germanica","German cockroach","Blatte germanique"
"598","Oryzaephilus surinamensis","saw-toothed grain beetle","Oryzaephilus surinamensis"
"599","Lepomis peltastes","northern sunfish","Lepomis peltastes"
"600","Notropis heterodon","blackchin shiner","Notropis heterodon"
"601","Libytheana carinenta","southern snout butterfly","Papillon longs-palpes"
"602","Musca domestica","house fly","Mouche domestique"
"603","Etheostoma flabellare","fantail darter","Etheostoma flabellare"
"604","Cucurbita ficifolia","figleaf gourd","Courge de Siam"
"605","Euclea delphinii","spiny oak slug","Euclea delphinii"
"606","Ligustrum vulgare","common privet","Troène commun"
"607","Automeris io","Io moth","Automeris io"
"608","Crioceris asparagi","common asparagus beetle","Crioceris asparagi"
"609","Alces alces","Eurasian elk","Alces alces"
"610","Streptopus lanceolatus","rose mandarin","Streptope rose"
"611","Chauliodes pectinicornis","summer fishfly","Chauliodes pectinicornis"
"612","Pyganodon grandis","giant floater mussel","Pyganodon grandis"
"613","Didelphis virginiana","North American opossum","Didelphis virginiana"
"614","Eurycea bislineata","two-lined salamander","Salamandre à deux lignes"
"615","Poa pratensis","Kentucky bluegrass","Pâturin des prés"
"616","Asparagus officinalis","garden asparagus","Asperge"
"617","Picoides villosus","Hairy woodpecker","Pic chevelu"
"618","Accipitriformes","hawks and eagles","Accipitriformes"
"619","Somateria spectabilis","King Eider","Eider à tête grise"
"620","Perdix perdix","grey partridge","Perdrix grise"
"621","Phasianus colchicus","Ring-necked pheasant","Faisan de Colchide"
"622","Bubulcus ibis","cattle egret","Héron garde-bœufs"
"623","Lota lota","burbot","Lotte (poisson)"
"624","Urocyon cinereoargenteus","gray fox","Renard gris"
"625","Agrotis ipsilon","black cutworm moth","Noctuelle baignée"
"626","Caenurgina crassiuscula","clover looper","Caenurgina crassiuscula"
"627","Brassica rapa","field mustard","Brassica rapa"
"628","Catocala cerogama","yellowbanded underwing","Catocala cerogama"
"629","Melissa officinalis","common balm","Mélisse officinale"
"630","Colias eurytheme","orange sulphur","Coliade de la luzerne"
"631","Alosa sapidissima","American shad","Alosa sapidissima"
"632","Aquarius remigis","common water strider","Aquarius remigis"
"633","Saucrobotys futilalis","dogbane pyralid moth","Saucrobotys futilalis"
"634","Pseudacris maculata","boreal chorus frog","Rainette faux-grillon boréale"
"635","Trachemys scripta","red-eared slider turtle","Trachemys scripta"
"636","Chrysochus auratus","dogbane beetle","Chrysochus auratus"
"637","Lontra canadensis","Northern American river otter","Loutre de rivière"
"638","Anthrenus verbasci","variegated carpet beetle","Anthrenus verbasci"
"639","Arctia parthenos","St. Lawrence tiger moth","Arctia parthenos"
"640","Adela purpurea","willow fairy moth","Adela purpurea"
"641","Ascalapha odorata","black witch","Ascalapha odorata"
"642","Carduelis carduelis","Eurasian goldfinch","Chardonneret élégant"
"643","Zygogramma suturalis","ragweed leaf beetle","Zygogramma suturalis"
"644","Enallagma ebrium","common bluet","Enallagma ebrium"
